2+2

x <- 3
y <- 7
y-x

z <- 9
x+y-z