2+2

x <- 3
y <- 7
x+y